1 0.513681
2 0.516265
3 0.513373
4 0.513473
5 0.513371
6 0.513398
7 0.513482
8 0.516117
9 0.513463
10 0.513677
11 0.513642
12 0.513502
13 0.513382
14 0.516130
15 0.513417
16 0.513450
17 0.513369
18 0.513480
19 0.513512
20 0.516044
21 0.513396
22 0.513449
23 0.513443
24 0.513445
25 0.513469
26 0.516085
27 0.513483
28 0.513415
29 0.513358
30 0.513365
31 0.513432
32 0.516128
33 0.513482
34 0.513430
35 0.513304
36 0.513361
37 0.513514
38 0.516100
39 0.513466
40 0.513470
41 0.513351
42 0.513282
43 0.513480
44 0.516066
45 0.513476
46 0.513542
47 0.513376
48 0.513343
49 0.513440
50 0.516197
51 0.513453
52 0.513585
53 0.513412
54 0.513408
55 0.513466
56 0.516192
57 0.513454
58 0.513598
59 0.513349
60 0.513367
61 0.513498
62 0.516236
63 0.513572
64 0.513513
65 0.513471
66 0.513367
67 0.513466
68 0.516197
69 0.513366
70 0.513479
71 0.513369
72 0.513448
73 0.513462
74 0.516178
75 0.513359
76 0.513454
77 0.513366
78 0.513384
79 0.519995
80 0.516207
81 0.513525
82 0.513384
83 0.513438
84 0.513429
85 0.513400
86 0.513490
87 0.513532
88 0.513414
89 0.513361
90 0.513410
91 0.513481
92 0.513543
93 0.513440
94 0.513415
95 0.513342
96 0.513394
97 0.513459
98 0.513590
99 0.513682
100 0.513421
101 0.513357
102 0.513330
103 0.513511
104 0.513544
105 0.513520
106 0.513468
107 0.513392
108 0.513509
109 0.513520
110 0.513462
111 0.513498
112 0.513550
113 0.513499
114 0.513427
115 0.513659
116 0.513388
117 0.513593
118 0.513424
119 0.513369
120 0.513479
121 0.513523
122 0.513434
123 0.513479
124 0.513439
125 0.513419
126 0.513505
127 0.513694
128 0.513501
129 0.513412
130 0.513443
131 0.513446
132 0.513369
133 0.513576
134 0.513466
135 0.513505
136 0.513339
137 0.513436
138 0.513476
139 0.513510
140 0.513404
141 0.513444
142 0.513362
143 0.513458
144 0.513454
145 0.513524
146 0.513457
147 0.513416
148 0.513337
149 0.513434
150 0.513462
151 0.513592
152 0.513474
153 0.516262
154 0.513394
155 0.513388
156 0.513487
157 0.513546
158 0.513576
159 0.516156
160 0.513443
161 0.513392
162 0.513541
163 0.513470
164 0.513541
165 0.516297
166 0.513393
167 0.513442
168 0.513439
169 0.513488
170 0.513531
171 0.516236
172 0.513471
173 0.513362
174 0.513502
175 0.513508
176 0.513440
177 0.516205
178 0.513470
179 0.513399
180 0.513481
181 0.513456
182 0.513387
183 0.516170
184 0.513435
185 0.513417
186 0.513524
187 0.513730
188 0.513393
189 0.516167
190 0.513558
191 0.513379
192 0.513500
193 0.513655
194 0.513467
195 0.516095
196 0.513514
197 0.513374
198 0.513461
199 0.513654
200 0.513458
