1 1.684988
2 1.550172
3 1.549988
4 1.550118
5 1.550121
6 1.550027
7 1.550128
8 1.550181
9 1.664563
10 1.550104
11 1.550039
12 1.550278
13 1.550127
14 1.550146
15 1.550000
16 1.550097
17 1.550135
18 1.549874
19 1.550241
20 1.550059
21 1.550104
22 1.549972
23 1.550339
24 1.549993
25 1.550220
26 1.549936
27 1.550519
28 1.550038
29 1.550165
30 1.550027
31 1.550170
32 1.550047
33 1.550218
34 1.550169
35 1.550288
36 1.549935
37 1.550125
38 1.550127
39 1.550049
40 1.550206
41 1.550277
42 1.561892
43 1.550171
44 1.550318
45 1.550369
46 1.549974
47 1.550201
48 1.550119
49 1.550298
50 1.549992
51 1.550094
52 1.550207
53 1.550213
54 1.550086
55 1.550234
56 1.550167
57 1.549873
58 1.550367
59 1.549978
60 1.550263
61 1.550074
62 1.550284
63 1.550028
64 1.550127
65 1.550162
66 1.550180
67 1.550204
68 1.550221
69 1.549987
70 1.550201
71 1.550212
72 1.550102
73 1.550096
74 1.550200
75 1.550141
76 1.550169
77 1.550013
78 1.550184
79 1.550152
80 1.550095
81 1.549987
82 1.550236
83 1.550098
84 1.550126
85 1.550147
86 1.550288
87 1.550160
88 1.550173
89 1.550342
90 1.550199
91 1.550067
92 1.550080
93 1.550361
94 1.550034
95 1.550165
96 1.550002
97 1.550125
98 1.549784
99 1.550091
100 1.549907
101 1.550125
102 1.550083
103 1.550060
104 1.550146
105 1.550135
106 1.550086
107 1.550056
108 1.550039
109 1.550158
110 1.550106
111 1.550324
112 1.550123
113 1.550216
114 1.550143
115 1.550250
116 1.550082
117 1.550087
118 1.549968
119 1.550238
120 1.550238
