1 0.569534
2 0.513883
3 0.513733
4 0.513872
5 0.513874
6 0.515042
7 0.513789
8 0.549310
9 0.513750
10 0.513874
11 0.513852
12 0.513680
13 0.513750
14 0.513813
15 0.513827
16 0.513964
17 0.513871
18 0.513689
19 0.513742
20 0.513743
21 0.513881
22 0.513767
23 0.513878
24 0.513739
25 0.513686
26 0.513813
27 0.513800
28 0.513784
29 0.513918
30 0.513772
31 0.513793
32 0.513730
33 0.513718
34 0.513731
35 0.513917
36 0.513771
37 0.513661
38 0.513715
39 0.513747
40 0.513899
41 0.513790
42 0.513758
43 0.513773
44 0.513771
45 0.513750
46 0.513811
47 0.513783
48 0.513852
49 0.513729
50 0.513778
51 0.513708
52 0.513881
53 0.513806
54 0.513854
55 0.513788
56 0.513869
57 0.513684
58 0.513805
59 0.513894
60 0.513946
61 0.513772
62 0.513730
63 0.513717
64 0.513908
65 0.513781
66 0.513899
67 0.513784
68 0.513701
69 0.513818
70 0.521572
71 0.513863
72 0.513765
73 0.513782
74 0.513781
75 0.513681
76 0.513730
77 0.513808
78 0.513710
79 0.513858
80 0.513690
81 0.513735
82 0.513751
83 0.513839
84 0.513746
85 0.513712
86 0.513726
87 0.513863
88 0.513750
89 0.513792
90 0.513862
91 0.513799
92 0.513774
93 0.513576
94 0.513711
95 0.513739
96 0.513780
97 0.513738
98 0.513855
99 0.513677
100 0.513790
101 0.513689
102 0.513818
103 0.513710
104 0.513842
105 0.513683
106 0.513723
107 0.513793
108 0.513902
109 0.513689
110 0.513776
111 0.513738
112 0.513663
113 0.513810
114 0.513876
115 0.513747
116 0.513883
117 0.513709
118 0.513656
119 0.513756
120 0.513783
121 0.513804
122 0.513886
123 0.513778
124 0.513699
125 0.513707
126 0.513757
127 0.513827
128 0.513770
129 0.513819
130 0.513692
131 0.513840
132 0.513731
133 0.513783
134 0.513745
135 0.513844
136 0.513736
137 0.513853
138 0.513739
139 0.513888
140 0.513713
141 0.513820
142 0.513732
143 0.513690
144 0.513748
145 0.513751
146 0.513841
147 0.513805
148 0.513785
149 0.513683
150 0.513773
151 0.513757
152 0.513911
153 0.513745
154 0.513837
155 0.513784
156 0.513706
157 0.513702
158 0.513855
159 0.513718
160 0.513933
161 0.513688
162 0.513713
163 0.513773
164 0.513873
165 0.513749
166 0.513873
167 0.513728
168 0.513731
169 0.513768
170 0.513822
171 0.513758
172 0.513800
173 0.513778
174 0.513714
175 0.513759
176 0.513727
177 0.513839
178 0.513752
179 0.513778
180 0.513683
181 0.513762
182 0.513795
183 0.513870
184 0.513876
185 0.513819
186 0.513758
187 0.513782
188 0.513786
189 0.513847
190 0.513741
191 0.513803
192 0.513753
193 0.513705
194 0.513792
195 0.513799
196 0.513702
197 0.513794
198 0.513863
199 0.513713
200 0.513750
