1 1.866567
2 1.866179
3 1.866221
4 1.866561
5 1.866341
6 1.866597
7 1.866384
8 1.866637
9 1.866537
10 1.866149
11 1.866529
12 1.866332
13 1.866240
14 1.866579
15 1.866347
16 1.866588
17 1.866546
18 1.866292
19 1.869136
20 1.866188
21 1.866378
22 1.866393
23 1.866222
24 1.866353
25 1.866199
26 1.866451
27 1.866363
28 1.866291
29 1.866564
30 1.866166
31 1.866429
32 1.866404
33 1.866222
34 1.866487
35 1.866245
36 1.866443
37 1.866391
38 1.866330
39 1.866583
40 1.869081
41 1.866327
42 1.866474
43 1.866315
44 1.866467
45 1.866188
46 1.866229
47 1.866597
48 1.866331
49 1.866438
50 1.866431
51 1.868937
52 1.866440
53 1.866227
54 1.866636
55 1.866356
56 1.866247
57 1.866582
58 1.866198
59 1.866607
60 1.866281
61 1.869184
62 1.866544
63 1.866219
64 1.866410
65 1.866441
66 1.866187
67 1.866766
68 1.866408
69 1.866381
70 1.866575
71 1.866385
72 1.869285
73 1.866132
74 1.866447
75 1.866491
76 1.866184
77 1.866527
78 1.866384
79 1.866438
80 1.866480
81 1.866274
82 1.866591
83 1.866363
84 1.866183
85 1.866447
86 1.866220
87 1.866560
88 1.866397
89 1.866161
90 1.866515
91 1.866263
92 1.866732
93 1.869100
94 1.866115
95 1.866477
96 1.866514
97 1.866663
98 1.866566
99 1.866274
100 1.866590
101 1.866249
102 1.866468
103 1.866915
104 1.866542
105 1.866473
106 1.866229
107 1.866636
108 1.866764
109 1.866224
110 1.866540
111 1.866301
112 1.866469
113 1.866455
114 1.869131
115 1.866451
116 1.866139
117 1.866339
118 1.866445
119 1.866259
120 1.866518
