1 1.035659
2 1.032723
3 1.032730
4 1.032703
5 1.032966
6 1.032699
7 1.032489
8 1.032685
9 1.103794
10 1.035296
11 1.032806
12 1.032715
13 1.032642
14 1.032973
15 1.035436
16 1.032528
17 1.032809
18 1.032547
19 1.035385
20 1.032742
21 1.032567
22 1.032752
23 1.048701
24 1.035398
25 1.032711
26 1.032647
27 1.032582
28 1.032898
29 1.032809
30 1.032610
31 1.032687
32 1.032648
33 1.035318
34 1.032621
35 1.032732
36 1.032803
37 1.032787
38 1.035446
39 1.032651
40 1.032604
41 1.032701
42 1.035378
43 1.032645
44 1.032668
45 1.032724
46 1.032689
47 1.035551
48 1.032667
49 1.032561
50 1.032646
51 1.032815
52 1.032686
53 1.032701
54 1.032532
55 1.032754
56 1.035487
57 1.032548
58 1.032666
59 1.032757
60 1.032699
61 1.035412
62 1.032817
63 1.032657
64 1.032700
65 1.035623
66 1.032708
67 1.032759
68 1.032697
69 1.032826
70 1.035620
71 1.032723
72 1.032674
73 1.032748
74 1.032869
75 1.032817
76 1.032639
77 1.032768
78 1.032768
79 1.035416
80 1.032747
81 1.032829
82 1.032715
83 1.032873
84 1.035630
85 1.032869
86 1.032835
87 1.032735
88 1.035542
89 1.032845
90 1.032698
91 1.032707
92 1.032892
93 1.035483
94 1.032672
95 1.032783
96 1.032735
97 1.032718
98 1.032911
99 1.032753
100 1.032712
101 1.032815
102 1.035469
103 1.032743
104 1.032853
105 1.032654
106 1.032810
107 1.035702
108 1.032741
109 1.032681
110 1.032683
111 1.032890
112 1.032707
113 1.032734
114 1.032696
115 1.032865
116 1.035456
117 1.032699
118 1.032745
119 1.032842
120 1.032834
