1 1.033099
2 1.033286
3 1.033185
4 1.032985
5 1.033083
6 1.033172
7 1.033145
8 1.034457
9 1.106991
10 1.032971
11 1.032983
12 1.033296
13 1.033264
14 1.033011
15 1.033310
16 1.033143
17 1.033071
18 1.033249
19 1.033125
20 1.033123
21 1.033220
22 1.033096
23 1.033045
24 1.033176
25 1.033079
26 1.033094
27 1.033233
28 1.033186
29 1.033096
30 1.033339
31 1.033014
32 1.033131
33 1.033191
34 1.033330
35 1.033147
36 1.033140
37 1.033137
38 1.033056
39 1.033080
40 1.033208
41 1.033069
42 1.033147
43 1.033260
44 1.033164
45 1.044988
46 1.033268
47 1.033062
48 1.033160
49 1.033294
50 1.033125
51 1.033108
52 1.033291
53 1.033098
54 1.033069
55 1.033256
56 1.033209
57 1.033007
58 1.033183
59 1.033137
60 1.033212
61 1.033258
62 1.033124
63 1.033019
64 1.033382
65 1.033045
66 1.033038
67 1.033264
68 1.033161
69 1.033058
70 1.033191
71 1.033112
72 1.033067
73 1.033078
74 1.033149
75 1.033153
76 1.033033
77 1.033092
78 1.032938
79 1.033134
80 1.033491
81 1.033223
82 1.033113
83 1.033338
84 1.032959
85 1.033144
86 1.033335
87 1.033149
88 1.033126
89 1.033255
90 1.033052
91 1.033149
92 1.033308
93 1.033041
94 1.033143
95 1.033277
96 1.033102
97 1.033140
98 1.033333
99 1.033226
100 1.033105
101 1.033297
102 1.033061
103 1.033176
104 1.033326
105 1.033107
106 1.033043
107 1.033309
108 1.033014
109 1.032997
110 1.033024
111 1.033179
112 1.033013
113 1.033072
114 1.033189
115 1.033100
116 1.033083
117 1.033217
118 1.033034
119 1.033248
120 1.033373
