1 0.513727
2 0.516273
3 0.513303
4 0.513422
5 0.513322
6 0.513560
7 0.513492
8 0.546550
9 0.513387
10 0.513483
11 0.513374
12 0.513539
13 0.513503
14 0.516272
15 0.513389
16 0.513443
17 0.513395
18 0.513504
19 0.513493
20 0.516325
21 0.513380
22 0.513457
23 0.513449
24 0.513416
25 0.513577
26 0.516400
27 0.513367
28 0.513401
29 0.513373
30 0.513564
31 0.513664
32 0.516282
33 0.513458
34 0.513376
35 0.513431
36 0.513392
37 0.513460
38 0.516231
39 0.513398
40 0.513404
41 0.513562
42 0.513490
43 0.513535
44 0.529374
45 0.513336
46 0.513404
47 0.513430
48 0.513349
49 0.513472
50 0.516136
51 0.513471
52 0.513429
53 0.513529
54 0.513361
55 0.513484
56 0.516211
57 0.513399
58 0.513469
59 0.513466
60 0.513456
61 0.513527
62 0.516274
63 0.513323
64 0.513416
65 0.513515
66 0.513442
67 0.513572
68 0.516140
69 0.513362
70 0.513478
71 0.513524
72 0.513451
73 0.513473
74 0.516303
75 0.513310
76 0.513391
77 0.513441
78 0.513462
79 0.513512
80 0.516228
81 0.513414
82 0.513390
83 0.513416
84 0.513431
85 0.513501
86 0.516228
87 0.513509
88 0.513533
89 0.513443
90 0.513411
91 0.513488
92 0.513459
93 0.513508
94 0.513543
95 0.513355
96 0.513573
97 0.513377
98 0.513408
99 0.513512
100 0.513466
101 0.513454
102 0.513555
103 0.513480
104 0.513343
105 0.513458
106 0.513484
107 0.513414
108 0.513602
109 0.513462
110 0.513468
111 0.513413
112 0.513593
113 0.513406
114 0.513641
115 0.513370
116 0.513434
117 0.513469
118 0.513601
119 0.513476
120 0.513663
121 0.513425
122 0.513422
123 0.513545
124 0.513397
125 0.513330
126 0.513541
127 0.513428
128 0.513409
129 0.513481
130 0.513456
131 0.513523
132 0.513490
133 0.513524
134 0.513482
135 0.513565
136 0.513437
137 0.513403
138 0.513522
139 0.513519
140 0.513316
141 0.513584
142 0.513362
143 0.513431
144 0.513529
145 0.513563
146 0.513382
147 0.513522
148 0.513451
149 0.513410
150 0.513397
151 0.513447
152 0.513375
153 0.516347
154 0.513423
155 0.513514
156 0.513390
157 0.513452
158 0.513415
159 0.516411
160 0.513348
161 0.513551
162 0.513424
163 0.513485
164 0.513364
165 0.516380
166 0.513395
167 0.513480
168 0.513439
169 0.513392
170 0.513445
171 0.516634
172 0.513505
173 0.513447
174 0.513470
175 0.513493
176 0.513392
177 0.516213
178 0.513446
179 0.513469
180 0.513478
181 0.513476
182 0.513408
183 0.516239
184 0.513488
185 0.513492
186 0.513415
187 0.513468
188 0.513441
189 0.516234
190 0.513466
191 0.513479
192 0.513471
193 0.513510
194 0.513562
195 0.516205
196 0.513540
197 0.513354
198 0.513460
199 0.513502
200 0.513503
