1 1.051670
2 1.032748
3 1.032819
4 1.032731
5 1.032841
6 1.032880
7 1.032789
8 1.032659
9 1.034165
10 1.104273
11 1.032792
12 1.032987
13 1.032792
14 1.032794
15 1.052832
16 1.032720
17 1.032689
18 1.032960
19 1.035481
20 1.032648
21 1.032846
22 1.032677
23 1.032783
24 1.035505
25 1.032822
26 1.032683
27 1.032809
28 1.032901
29 1.032642
30 1.032633
31 1.032656
32 1.032674
33 1.035419
34 1.032727
35 1.032613
36 1.032900
37 1.032814
38 1.035531
39 1.032737
40 1.032646
41 1.032707
42 1.032946
43 1.032724
44 1.032654
45 1.032900
46 1.032825
47 1.035380
48 1.032737
49 1.032840
50 1.032776
51 1.032966
52 1.035581
53 1.032774
54 1.032792
55 1.032719
56 1.035653
57 1.032877
58 1.032771
59 1.032631
60 1.032859
61 1.035669
62 1.032751
63 1.032767
64 1.032753
65 1.032921
66 1.032751
67 1.032634
68 1.032663
69 1.032881
70 1.035356
71 1.032751
72 1.032742
73 1.032653
74 1.032858
75 1.035681
76 1.032852
77 1.032782
78 1.033027
79 1.035992
80 1.032662
81 1.032785
82 1.032835
83 1.032817
84 1.035460
85 1.032678
86 1.032626
87 1.032811
88 1.032835
89 1.032648
90 1.032759
91 1.032698
92 1.032628
93 1.035459
94 1.032715
95 1.032696
96 1.032765
97 1.032746
98 1.035520
99 1.032748
100 1.032599
101 1.032766
102 1.033061
103 1.032714
104 1.032705
105 1.032872
106 1.032767
107 1.035354
108 1.032775
109 1.032725
110 1.032689
111 1.032952
112 1.035640
113 1.032601
114 1.032817
115 1.032606
116 1.035324
117 1.032855
118 1.032726
119 1.032639
120 1.032824
