1 1.553557
2 1.550127
3 1.550395
4 1.550057
5 1.554403
6 1.549999
7 1.550140
8 1.549865
9 1.671902
10 1.550110
11 1.550168
12 1.549917
13 1.550472
14 1.549996
15 1.550208
16 1.549947
17 1.550244
18 1.549778
19 1.550044
20 1.549840
21 1.550317
22 1.552717
23 1.550128
24 1.549844
25 1.550336
26 1.552793
27 1.550182
28 1.549933
29 1.550217
30 1.552721
31 1.550130
32 1.549898
33 1.550137
34 1.552646
35 1.550023
36 1.550078
37 1.550075
38 1.552916
39 1.550139
40 1.549935
41 1.550045
42 1.553012
43 1.550204
44 1.550066
45 1.550221
46 1.550118
47 1.550261
48 1.550040
49 1.550141
50 1.549991
51 1.550169
52 1.549777
53 1.550004
54 1.549906
55 1.552834
56 1.549950
57 1.549993
58 1.550004
59 1.552828
60 1.549958
61 1.550150
62 1.550025
63 1.552887
64 1.550038
65 1.550027
66 1.550254
67 1.553015
68 1.550039
69 1.549995
70 1.550048
71 1.560858
72 1.550025
73 1.549950
74 1.549954
75 1.552781
76 1.549973
77 1.549971
78 1.550190
79 1.550148
80 1.550120
81 1.549908
82 1.550043
83 1.550066
84 1.552785
85 1.549961
86 1.549930
87 1.550037
88 1.552821
89 1.549953
90 1.550070
91 1.549980
92 1.552730
93 1.550133
94 1.550036
95 1.550009
96 1.552965
97 1.550013
98 1.550129
99 1.549978
100 1.553408
101 1.550086
102 1.550102
103 1.549892
104 1.553211
105 1.549944
106 1.550317
107 1.549974
108 1.550392
109 1.549964
110 1.550156
111 1.549848
112 1.550340
113 1.549834
114 1.550084
115 1.549835
116 1.550255
117 1.552765
118 1.550103
119 1.549895
120 1.550271
