1 1.863684
2 1.863011
3 1.863273
4 1.863151
5 1.863209
6 1.866195
7 1.862967
8 1.863208
9 1.863177
10 1.863269
11 1.863301
12 1.863006
13 1.863148
14 1.863059
15 1.863080
16 1.863398
17 1.863002
18 1.863019
19 1.863105
20 1.863058
21 1.863142
22 1.863142
23 1.863213
24 1.863092
25 1.863023
26 1.863241
27 1.866064
28 1.863255
29 1.863024
30 1.863262
31 1.863249
32 1.863177
33 1.863059
34 1.863363
35 1.863075
36 1.863114
37 1.863278
38 1.863316
39 1.863109
40 1.863001
41 1.863136
42 1.863133
43 1.863188
44 1.863319
45 1.862998
46 1.863002
47 1.863171
48 1.866102
49 1.863219
50 1.862949
51 1.863239
52 1.863216
53 1.863273
54 1.863418
55 1.863003
56 1.863276
57 1.863107
58 1.863062
59 1.866572
60 1.863007
61 1.863260
62 1.863236
63 1.863410
64 1.863301
65 1.863165
66 1.863042
67 1.863022
68 1.862941
69 1.866037
70 1.863119
71 1.862968
72 1.863215
73 1.862992
74 1.863228
75 1.863046
76 1.863079
77 1.863107
78 1.862980
79 1.863149
80 1.866002
81 1.863081
82 1.863197
83 1.862911
84 1.863528
85 1.863161
86 1.863132
87 1.863189
88 1.863273
89 1.863237
90 1.863215
91 1.863185
92 1.863284
93 1.863000
94 1.863087
95 1.863229
96 1.863176
97 1.863313
98 1.863058
99 1.863075
100 1.863155
101 1.866105
102 1.863259
103 1.863132
104 1.863171
105 1.863174
106 1.863118
107 1.863376
108 1.863222
109 1.863477
110 1.863079
111 1.863181
112 1.866339
113 1.863172
114 1.863148
115 1.863322
116 1.863179
117 1.863261
118 1.863197
119 1.863487
120 1.863331
